16510,0
25308,0
45953,0
55467,0
21450,0
35992,0
62900,0
61310,0
49398,0
18979,0
26701,0
20136,0
56331,0
37822,0
15238,0
2152,0
63244,0
5432,0
414,0
45749,0
3544,0
44728,0
21722,0
9115,0
3807,0
53311,0
3787,0
61967,0
4452,0
18964,0
59893,0
2811,0
29521,0
13007,0
29106,0
23412,0
27383,0
1983,0
165,0
40881,0
45338,0
22596,0
40586,0
19972,0
32613,0
4480,0
32157,1
36179,0
25427,0
22474,0
32506,0
8218,0
24510,0
4788,0
29550,0
11340,0
53316,0
13535,0
49919,0
32083,0
34868,0
1282,0
11218,0
40575,0
25965,0
17983,0
2715,0
57126,0
57445,0
45625,0
24164,0
51804,0
49918,0
4279,0
36585,0
42160,0
43284,0
19469,0
51251,0
51532,0
17484,0
37128,0
50201,0
60642,0
35273,0
58605,0
17795,0
56139,0
15794,0
52954,0
38035,0
37477,0
34246,0
64976,0
35765,0
57960,0
21443,0
31474,0
18717,0
54265,0
1736,0
30864,0
64128,0
880,1
44013,0
39883,0
24324,0
42620,0
23920,0
32829,0
57315,0
45024,0
30414,0
33029,0
31875,0
46026,0
9429,0
47739,0
13833,0
9974,0
41709,0
15136,0
63614,0
50054,0
1626,0
35713,0
44095,0
11994,0
33886,0
44770,0
10772,0
54569,0
24835,0
13961,0
55835,0
28015,0
58129,0
17213,0
55715,0
53067,0
42952,0
43528,0
45700,0
23626,0
21897,0
41051,0
11544,0
53766,0
48282,0
5175,0
30933,0
59537,0
2900,0
42353,0
98,1
33867,0
20365,0
23360,0
11315,0
4118,0
56267,0
14294,0
19621,0
1118,0
37389,0
33704,0
36049,0
17246,0
44603,0
33138,0
638,1
44092,0
14210,0
64895,0
49563,0
50963,0
4629,0
22156,0
26848,0
48255,0
1499,0
29132,0
40092,0
16573,0
62720,0
52657,0
62647,0
1779,0
55821,0
53784,0
56653,0
24126,0
56329,0
29820,0
51293,0
39659,0
40564,0
24198,0
36954,0
41059,0
26816,0
13292,0
64897,1
35736,0
51583,0
13226,0
54430,0
14199,0
57418,0
50372,0
37410,0
48606,0
21486,0
29042,0
58557,0
41101,0
36968,0
32025,0
18832,0
36991,0
42059,0
9590,0
8294,0
51460,0
58315,0
24547,0
51543,0
54181,0
45311,0
40415,0
30941,0
64679,0
54814,0
50421,0
1911,0
10063,0
3845,0
22911,0
24561,0
11491,0
39579,0
18445,0
9446,0
36472,0
36884,0
35529,0
11901,0
61777,0
48365,0
2737,0
52371,0
40292,0
2098,0
560,1
49264,0
30848,0
64336,0
37868,0
10586,0
40745,0
61606,0
31712,0
61350,0
56301,0
39778,0
21033,0
12156,0
58466,0
40560,0
176,0
18924,0
61657,0
36745,0
26186,0
18097,0
13761,0
8249,0
12545,0
52075,0
25068,0
40407,0
9330,0
22128,0
41922,0
63136,0
43585,0
23109,0
19425,0
31012,0
729,0
26901,0
50161,0
25803,0
47501,1
19259,0
2337,0
169,0
32043,0
575,0
7535,0
37289,0
25250,0
35402,0
7544,0
27554,0
6784,0
24490,0
26397,0
16908,0
26956,0
45525,0
49498,0
60148,0
24483,0
62396,0
19306,0
56985,0
16089,0
26874,0
54777,0
21981,0
56576,0
642,0
14868,0
30913,0
41584,0
40537,0
48377,0
45414,0
16446,0
61840,0
2084,0
3980,0
7753,0
18594,0
46280,0
62317,0
25220,0
12354,0
18557,0
52631,0
42830,0
41278,0
12388,0
33017,0
29077,0
44985,0
47759,0
15103,0
32900,0
33144,0
39094,0
9821,0
38946,0
59688,0
38534,0
33248,0
12743,0
7292,0
42399,0
11323,0
38984,0
2696,0
9233,0
19959,0
17502,0
17702,0
27282,0
20030,0
61575,0
62882,0
4873,0
59248,0
9580,0
32805,0
56417,0
54452,0
49888,0
64518,0
63956,0
29315,0
55998,0
20727,0
59384,0
5923,0
10741,0
64519,0
38954,0
55044,0
49691,0
43016,0
23664,0
35565,0
49143,0
64543,0
8629,0
13646,0
16080,0
646,0
64752,0
45120,0
6009,0
7600,0
46682,0
24030,0
53455,0
47880,0
23914,0
60850,0
26799,0
28146,0
65284,0
21128,0
31573,0
39499,0
3696,0
15393,0
52166,0
19507,0
35136,0
49062,0
60557,1
52933,0
14325,0
19336,0
36559,0
37265,0
63349,0
12108,0
34852,0
46491,0
12607,0
22107,0
50735,0
44512,0
24384,0
3798,0
18199,0
51535,0
34451,0
5872,0
46746,0
6579,0
65421,1
43970,0
41456,0
61432,0
46102,0
27905,0
22040,0
18275,0
18896,0
33560,0
2088,0
44472,0
41671,0
31028,0
8678,0
65371,0
56834,0
53839,0
19058,1
47223,0
44589,0
38093,0
52431,0
64278,0
50097,0
30360,0
18845,0
65496,0
46846,0
34207,0
25090,0
38197,0
12558,0
28991,0
16335,0
43681,0
20007,0
61020,0
60362,0
41958,0
30475,0
13951,0
29898,0
58146,0
57522,0
20853,0
30458,0
17010,1
16252,0
21581,0
14581,0
62855,0
10828,0
9147,0
9050,0
50287,0
43337,0
27268,0
34469,0
24337,0
10214,0
53797,0
54778,0
39452,0
57177,0
5766,0
54256,0
36770,0
27828,0
58786,0
31427,0
45017,0
47050,0
21910,0
37411,0
18629,0
50989,0
53071,0
38361,0
44559,0
9438,0
25133,0
6280,0
16818,0
33587,0
60330,0
2743,0
20885,0
56052,0
15202,0
8020,0
47122,0
50204,0
63406,0
40748,0
1457,0
65348,0
14776,0
27997,0
49368,0
49424,0
59446,0
45806,0
34221,0
55383,0
15722,0
55792,0
7677,0
59381,0
17057,0
52503,0
6735,0
7692,0
26594,0
25284,0
14932,0
44283,0
49349,0
56245,0
50442,0
52483,0
19932,0
10630,0
8976,0
56963,0
22134,0
4980,0
16180,0
30965,0
7782,0
34437,0
44267,0
27535,0
10024,0
35831,0
22462,0
31414,0
31650,0
11234,0
48409,0
30516,0
16758,0
15767,0
39031,0
62012,0
38019,0
16463,0
50225,0
11718,0
46347,0
44445,0
64099,0
22147,0
65222,0
17864,0
58027,0
42323,0
14576,0
42885,0
2435,0
25656,0
17900,0
26138,0
62548,0
7109,0
31420,0
41698,0
37854,0
16406,0
23870,0
40938,0
5238,0
64586,0
112,1
59371,0
53940,0
21332,0
56854,0
53658,0
37840,0
33563,0
65299,0
62776,0
27810,0
24318,0
40199,0
14280,0
11966,0
41190,0
6511,0
49051,0
63940,0
21750,0
40491,0
29149,0
38712,0
55090,0
60030,0
19120,0
1,0
4022,0
21891,0
8233,0
54641,0
39130,0
65102,0
58867,0
26012,0
27235,0
2641,0
9604,0
39084,0
14658,0
26831,0
12017,0
54367,0
57513,0
43275,0
27658,0
24783,0
17225,0
279,0
45249,0
32061,0
4526,0
1797,0
46606,0
42656,0
51324,0
64017,0
54190,0
58904,0
13609,0
43821,0
23884,0
48443,0
32670,0
5233,0
57505,0
49767,0
35841,0
19721,0
32981,0
58297,0
51156,0
37676,0
58663,0
16437,0
13203,0
32813,0
42068,0
53416,0
3532,0
59870,0
30509,0
3769,0
12627,0
32842,0
40080,0
61136,0
21087,0
40532,0
46262,0
32160,0
23216,0
14165,0
55915,0
44214,0
57434,0
46391,0
22424,0
46198,0
39376,0
55385,0
8479,0
23797,0
64353,0
60974,0
15216,0
26570,0
25493,0
23949,1
23946,0
34866,0
62066,0
20535,0
11798,0
19289,0
23703,0
22370,0
16862,0
48451,0
54654,0
22096,0
30032,0
27064,0
46266,0
54749,0
48570,0
42607,0
8633,0
20320,0
49144,0
45677,0
37817,0
62194,0
63642,0
57066,0
28543,0
45566,0
9715,0
44723,0
62849,0
35425,0
64082,0
22111,0
23822,0
23645,0
5861,0
9940,0
11852,0
26474,0
14624,0
14386,0
23159,0
3507,0
59187,0
43419,0
20117,0
34588,0
6286,0
63908,0
31317,0
65280,0
28373,0
59957,0
30060,0
59362,0
65412,0
38684,0
26170,0
19797,0
49259,0
30311,0
29530,0
61200,0
38827,0
51664,0
40217,0
2964,0
58623,0
37216,0
58244,0
52364,0
10660,0
60991,0
51276,0
44057,0
57851,0
29101,0
3039,0
8120,0
62155,0
49965,0
31072,0
4547,0
34732,0
18020,0
58457,0
2417,0
49001,0
53748,0
1009,0
2678,1
14826,0
47140,0
758,1
37968,0
48196,0
5403,0
40816,0
10707,0
49089,0
20734,0
43549,0
23009,0
54860,0
7467,0
52947,0
6811,0
22329,0
5123,0
22182,0
21801,0
30229,0
11770,0
53463,0
50513,0
54577,0
51329,0
18932,0
18981,0
58375,0
39468,0
64740,0
44650,0
39086,0
47115,0
2539,0
57325,0
48389,0
39044,0
57693,0
13176,0
44434,0
11092,0
53575,0
47529,0
14881,0
28503,0
16528,0
42587,0
42336,0
63770,0
34884,0
34141,0
31052,0
60960,0
42584,0
34470,0
12479,0
861,0
65138,0
30255,0
7846,0
6171,0
26350,0
28957,0
45290,0
31733,0
49609,0
30468,0
45568,0
10566,0
23279,0
45769,0
10767,0
18313,0
11860,0
3488,0
59967,0
42444,0
39945,0
14060,0
26205,0
13912,0
13123,0
30552,0
3277,0
30439,0
4605,0
44948,0
32405,0
31559,0
20298,0
5767,0
37987,0
24604,0
10895,0
55995,0
57902,0
32948,0
60869,0
15124,0
22670,0
33232,0
38991,0
8463,0
55319,0
9533,0
39314,0
19112,0
43287,0
9074,1
24834,0
33040,0
48070,0
39175,0
32131,0
5211,0
64693,0
4052,0
3182,0
32609,0
63790,0
17061,0
45209,0
14568,0
33581,0
22859,0
43271,0
16050,0
3611,0
49711,0
58430,0
61665,0
19351,0
53862,0
55423,0
8157,0
3763,0
50744,0
57273,0
52320,0
7095,0
21191,0
42650,0
41173,0
54405,0
35442,1
46912,0
20101,0
54445,0
44158,0
59680,0
28309,0
3585,0
44330,0
11625,0
54843,0
46723,0
50545,0
31014,0
14865,0
41873,0
30752,0
9299,0
37309,0
46673,0
41220,0
18257,0
36465,0
54869,0
18581,0
10082,0
37929,0
28296,0
2340,0
43461,0
57166,0
24031,0
21976,0
35195,0
36801,0
2916,0
44439,0
63310,0
9856,0
16555,0
29571,0
40851,0
59883,0
20042,0
4003,0
58932,0
6659,0
34988,0
59518,0
18253,0
20758,0
41967,0
19356,0
57626,0
26801,0
55563,0
14428,0
60228,0
49680,0
32313,0
48549,0
60820,0
41447,0
57644,0
62114,0
27935,0
12502,0
3218,0
43558,0
49845,0
9216,0
54295,0
25687,0
58701,0
20657,0
55814,0
11202,0
43165,0
53548,0
44333,0
40473,0
4574,0
60889,0
45940,0
58181,0
12296,0
54851,0
56290,0
64315,0
54022,0
58242,0
46989,0
46808,0
818,1
63140,0
46462,0
18542,0
46791,0
64780,1
40289,0
51604,0
14234,0
8320,0
49679,0
14659,0
53090,0
58564,0
35032,0
20203,0
49503,0
48240,0
34476,0
41143,0
6479,0
46879,0
33239,0
29431,0
9956,0
64972,1
25162,0
44325,0
57109,0
9088,0
23646,0
30409,0
37850,0
1784,0
1848,0
38972,0
10509,0
16684,0
64,0
61154,0
16795,0
722,1
34832,0
46652,0
35211,0
19448,0
53123,0
26893,0
62793,0
7002,0
32571,0
50844,0
10135,0
26552,0
33235,0
52810,0
57234,0
27687,0
48956,0
54144,0
12588,0
1360,0
55224,0
42320,0
25983,0
24118,0
46770,0
56518,0
19433,0
4793,0
54364,0
25901,0
41997,0
13338,0
22541,0
48257,0
56860,0
62433,0
38791,0
63721,0
51419,0
2593,0
54164,0
48026,0
58848,0
30438,0
48676,0
10504,0
29473,0
11756,0
26918,0
47789,0
61571,0
11864,0
24280,0
51211,0
2692,0
50898,0
45847,0
18737,0
62030,0
52616,0
3363,0
39350,0
37646,0
30441,0
36207,0
47590,0
34834,0
55672,0
14540,0
5258,0
37001,0
23113,0
59188,0
3632,0
11935,0
23927,0
47042,0
5330,0
59703,0
34916,0
21453,0
41875,0
60474,0
65161,0
63119,0
680,0
3627,0
53119,0
61839,0
36771,0
51088,0
58065,0
35878,0
13107,0
50156,0
24437,0
4165,0
28798,0
6813,0
49694,0
52705,0
42475,0
55535,0
21105,0
6621,0
15512,0
64387,0
7678,0
1543,0
9024,0
9076,0
16683,0
47872,0
22532,0
51865,0
10277,0
52469,0
61633,0
62917,0
59244,0
54853,0
7139,0
60383,0
3847,0
37595,0
55197,0
494,0
31424,0
27286,0
17535,0
16331,0
54645,0
14711,0
25553,0
32344,0
56817,0
23937,0
28414,0
26925,0
59527,0
25257,0
25719,0
15053,0
43596,0
63506,0
14736,0
5814,0
3328,0
23322,0
27029,0
55173,0
18359,0
14692,0
9309,0
23976,0
1956,0
29514,0
28963,0
48992,0
7850,0
20128,0
5068,0
26625,0
60373,0
51737,0
20579,0
2214,0
39239,0
40736,0
23162,0
62872,0
26405,0
7645,0
10735,0
52563,0
7766,0
56731,0
14751,0
47959,0
41947,0
31821,0
29754,0
2929,0
44717,0
860,0
55588,0
55166,0
47780,0
60596,0
20305,0
12365,0
49757,0
56556,0
46358,0
56062,0
3154,0
56030,0
47826,0
60325,0
60804,0
15960,0
43760,0
15738,0
45716,0
44997,0
26693,0
10764,0
23972,0
34273,0
36007,0
26578,0
46058,0
53822,0
46161,0
58556,0
45289,0
45181,0
5956,0
14008,0
65474,0
36042,0
7464,0
31616,0
56665,0
14216,0
55033,0
22316,0
3394,0
17827,0
31850,0
23842,0
63390,0
17001,0
59818,0
33680,0
20661,0
61704,0
11489,0
64051,0
40724,0
27920,0
44542,0
30099,0
1598,0
18647,0
4076,0
25611,0
62099,0
37293,0
55978,0
10873,0
48176,0
3378,0
60048,0
49037,1
24121,0
7791,0
18407,0
2504,0
6660,0
47843,0
47150,0
41050,0
4774,0
12679,0
10490,0
52784,0
59707,0
172,0
38831,0
63812,0
57181,0
42922,0
41127,0
21808,0
32662,0
12660,0
12116,0
33844,0
58651,0
9379,0
36306,0
17978,0
64520,0
44047,0
51892,0
62677,0
36979,0
6044,0
19980,0
50646,0
8414,0
3687,0
42701,0
3112,0
35382,0
17002,0
1437,0
59791,0
22297,0
25881,0
2787,0
56134,0
52202,0
56339,0
37382,0
24868,0
4752,0
48300,0
50974,0
15651,0
34468,0
55449,0
30525,0
13816,0
8993,0
10219,0
28537,0
39244,0
60296,0
39632,0
60983,0
29114,0
26104,0
10610,0
17349,0
52534,0
58566,0
20272,0
21097,0
2763,0
11709,0
24008,0
53935,0
4222,0
43329,0
5166,0
57808,0
3964,0
4849,0
22991,0
29572,0
19443,0
29509,0
36258,0
38284,0
56443,0
16222,0
46467,0
54508,0
20499,0
52310,0
33290,0
64757,0
2955,0
11587,0
49366,0
47928,0
37680,0
52114,0
37601,0
17323,0
26582,0
58023,0
45628,0
61960,0
18389,0
3135,0
65172,0
35354,0
51053,0
42302,0
32325,0
55908,0
22002,0
47065,0
27047,0
51233,0
38151,0
23095,0
595,1
26778,0
28846,0
2353,0
55144,0
7814,0
39524,0
51834,0
39489,0
61580,0
3168,0
19961,0
46878,0
58286,0
55145,0
659,0
2577,0
13135,0
45522,0
59,0
24996,0
54518,0
14525,0
49520,0
16689,0
57679,0
54686,0
22944,0
17121,0
41313,0
29284,0
39847,0
17132,0
48770,0
40964,0
6046,0
1379,0
41766,0
14337,0
60211,0
10352,0
56413,0
16168,0
40357,0
1918,0
8686,0
46924,0
12408,0
44160,0
44579,0
5389,0
53702,0
2352,0
29009,0
62190,0
58679,0
349,0
17881,0
8054,0
22030,0
61352,0
299,0
34785,0
43828,0
3344,0
21513,0
26399,0
4591,0
9633,0
37802,0
28690,0
63958,0
43762,0
7391,0
22252,0
51146,0
27610,0
63213,0
14780,0
37370,0
17846,0
22726,0
28170,0
2054,0
29762,0
5605,0
48099,0
24096,0
13158,0
36592,0
13965,0
53537,0
64847,0
32247,0
58688,0
15534,0
17788,0
10711,0
9598,0
9973,0
12466,0
6758,0
28559,0
26130,0
65208,0
62975,0
423,0
36220,0
11002,0
6422,0
152,0
41582,0
20283,0
18244,0
11997,0
7033,0
26204,0
37668,0
33390,0
42853,0
45226,0
15234,0
8731,0
598,1
6091,0
64669,1
65329,0
60646,0
610,1
56847,0
825,0
58003,0
49172,0
34703,0
16919,0
19612,0
50852,0
49065,0
5427,0
40535,0
48563,0
34055,0
51464,0
38319,0
5290,0
10348,0
18838,0
5229,0
6928,0
23772,0
6245,0
65004,0
20187,0
10385,0
17936,0
58090,0
49054,0
34845,0
19719,0
8999,0
41153,0
330,0
17006,0
54389,0
40641,0
54557,0
62344,0
8758,0
2046,0
20069,0
4762,0
24842,0
25565,0
8336,0
20141,0
16744,0
50386,0
22234,0
28908,0
6602,0
4138,0
38372,0
52335,0
36988,0
9181,0
16806,0
33366,0
33748,0
527,0
42628,0
59523,0
56701,0
64196,0
59650,0
6066,0
49180,0
43513,0
21958,0
28735,0
54170,0
40423,0
22636,0
64761,0
59529,0
13694,0
31822,0
23451,0
55549,0
30108,0
24320,0
2700,0
64644,0
18254,0
38559,0
49271,0
18875,0
43181,0
23824,0
23729,0
50671,0
16655,0
26300,0
24910,0
5420,0
29150,0
12966,0
60749,0
61378,0
49014,0
64536,0
62411,0
61315,0
50350,0
9928,0
1633,0
433,0
46362,0
63629,1
23500,0
25467,0
24811,0
39046,0
51344,0
3647,0
1008,0
51579,0
42457,0
11507,0
44665,0
63261,0
1936,0
44941,0
4690,1
18966,0
19909,0
52172,0
38059,0
39267,0
42368,0
40439,0
31945,0
3818,0
55227,0
56867,0
61083,0
17470,0
38564,0
4742,0
31586,0
61687,0
11858,0
40524,0
5208,0
35537,0
6572,0
53516,0
12649,0
24045,0
15208,0
44945,0
54679,0
52121,0
15443,0
42001,0
46895,0
60834,0
7054,0
28428,0
6752,0
916,0
48937,0
55440,0
8110,0
19522,0
17217,0
54017,0
28940,0
27940,0
5664,0
57376,0
8754,1
42029,0
10406,0
38105,0
4419,0
39806,0
23683,0
50818,0
14713,0
13865,0
4149,0
3048,0
17855,0
50838,0
35434,0
35330,0
64649,1
54618,0
38744,0
781,0
65052,0
25077,0
10871,0
49740,0
41151,0
39073,0
36643,0
12814,0
52347,0
16552,0
20847,0
3518,0
58890,0
34467,0
33500,0
10416,0
10425,0
53651,0
17594,0
32605,0
20974,0
60293,0
40254,0
53580,0
35548,0
18992,0
39962,0
60587,0
33658,0
53250,0
20251,0
6592,0
10657,0
24734,0
48220,0
44554,0
29942,0
48144,0
17728,0
50333,0
42505,0
8946,1
27542,0
5174,0
16129,0
6456,0
29096,0
48880,0
32540,0
43735,0
36482,0
32283,0
17707,0
10708,0
1264,0
25189,0
7059,0
53553,0
3511,0
49633,0
16733,0
25163,0
58521,0
30800,0
44204,0
37658,0
34082,0
32521,0
19085,0
7165,0
30554,0
13258,0
61291,0
48427,0
51828,0
2018,0
14642,0
38449,0
12572,0
30366,0
6575,0
61503,0
34210,0
58305,0
7805,0
20628,0
11019,0
36855,0
62778,0
39712,0
19624,0
38601,0
51162,0
16594,0
56598,0
35237,0
61110,0
21862,0
32524,0
31346,0
13651,0
34521,0
1398,0
11339,0
42543,0
6108,0
45221,0
48774,0
25514,0
47295,0
50232,0
64324,0
17420,0
57323,0
25474,0
43960,0
1015,0
27862,0
2988,0
25816,0
33591,0
3633,0
26846,0
61567,0
36628,0
24936,0
13821,0
17435,0
7338,0
29078,0
54681,0
38532,0
48041,0
21901,0
22869,0
44800,0
21979,0
52453,0
17925,0
60321,0
37573,0
18712,0
3463,0
53533,0
25837,0
9017,0
61165,0
44438,0
29448,0
59772,0
63477,0
33882,0
5840,0
57360,0
23876,0
24836,0
50678,0
34531,0
37724,0
12407,0
1436,0
59390,0
35597,0
34295,0
1045,0
367,0
44869,0
39026,0
25801,0
59737,0
55019,0
39460,0
56935,0
51319,0
3937,0
63482,0
39011,0
6837,0
38293,0
41751,0
1138,1
10115,0
61533,0
49901,0
29015,0
9071,0
26619,0
717,0
6684,0
4224,0
6428,0
22642,0
20728,0
2713,0
5851,0
20294,0
11796,0
55008,0
22564,0
15323,0
30846,0
54496,0
50063,0
46449,0
9547,0
62559,0
53138,0
57868,0
53370,0
10044,0
17422,0
4312,0
21436,0
37247,0
40520,0
17877,0
17130,0
24577,0
43530,0
52963,0
45559,0
3972,0
55068,0
8252,0
34516,0
15671,0
2758,0
35074,0
49091,0
36281,0
46022,0
6848,0
44300,0
34155,0
37205,0
63317,0
8882,0
9567,0
53202,0
29663,0
25700,0
23169,0
26955,0
60685,1
35491,0
22979,0
17434,0
11657,0
21256,0
40932,0
33304,0
27292,0
22600,0
7317,0
7245,0
49594,0
12840,0
40977,0
60028,0
20526,0
56749,1
25738,0
63343,0
52966,0
30058,0
35089,0
1842,0
19529,0
54068,0
65058,0
11676,0
41430,0
53177,0
40392,0
18998,0
25535,0
24624,0
54092,0
26064,0
10101,0
24432,0
47992,0
883,1
28127,0
47936,0
60210,0
17370,0
17773,0
2338,0
59762,0
16891,0
58561,0
64839,0
12882,0
43042,0
36310,0
45537,0
52227,0
47846,0
22467,0
6027,0
55960,0
7180,0
48620,0
34011,0
57427,0
41319,0
25033,0
10433,0
54220,0
3924,0
27963,0
51637,0
23209,0
50983,0
536,0
44594,0
48280,0
15152,0
31368,0
16544,0
20400,0
35343,0
28727,0
41628,0
30834,0
31140,0
61638,0
65506,0
6,0
20947,0
43884,0
36321,0
18161,0
29029,0
3538,0
37272,0
41084,0
18644,0
64235,0
53242,0
48572,0
55372,0
27250,0
30744,0
23618,0
16650,0
39513,0
3329,0
43458,0
48357,0
28225,0
35868,0
65044,0
2610,1
53754,0
31273,0
52285,0
6301,0
30776,0
26539,0
54396,0
64908,1
38421,0
17991,0
57357,0
11213,0
16898,0
43547,0
36356,0
6937,0
62746,0
27805,0
813,0
52536,0
45999,0
26152,0
43759,0
32804,0
45376,0
14426,0
51911,0
42552,0
11631,0
29875,0
37163,0
21708,0
32560,0
50755,0
33437,0
64397,1
64191,0
35371,0
61196,0
64091,0
60407,0
8255,0
30487,0
1804,0
7008,0
4170,0
24245,0
62228,0
59543,0
53104,0
32697,0
52337,0
13408,0
25986,0
12652,0
65211,0
43008,0
62669,0
29069,0
42985,0
10313,0
59849,0
51118,0
43520,0
21525,0
39725,0
36273,0
26569,0
20236,0
11621,0
3384,0
48378,0
5660,0
25788,0
63371,0
16336,0
56154,0
39382,0
44862,0
17107,0
19596,0
34863,0
55171,0
42266,0
58365,0
31192,0
54531,0
55781,0
39676,0
50510,0
6289,0
28594,0
27547,0
64817,0
25138,0
29729,0
10326,0
19388,0
62261,0
8947,0
35958,0
9329,0
11371,0
6052,0
4904,0
1649,0
17479,0
12345,0
21770,0
9295,0
33830,0
1421,0
20125,0
40412,0
58669,0
51856,0
30686,0
44978,0
30619,0
57687,0
36257,0
20004,0
53508,0
53860,0
51672,0
487,0
9199,0
12779,0
7716,0
40536,0
3275,0
50856,0
44659,0
35407,0
8082,0
33198,0
19478,0
21120,0
41404,0
12975,0
58270,0
7539,0
60854,0
32306,0
59475,0
43375,0
36994,0
40116,0
15311,0
3415,0
2976,0
62514,0
44884,0
37322,0
63438,0
17768,0
51206,0
31780,0
50701,0
48697,0
36941,0
61934,0
43293,0
16035,0
11533,0
41753,0
35399,0
27394,0
52116,0
60298,0
62520,0
39536,0
64873,0
25887,0
61202,0
36403,0
51587,0
15026,0
54450,0
18567,0
17314,0
14079,0
31118,0
60690,0
46477,1
53864,0
32400,0
37777,0
64566,0
46301,0
35930,0
18940,0
34720,0
3768,0
18267,0
44910,0
72,0
14356,0
57252,0
25366,0
3456,0
61886,0
5633,0
11563,0
2217,0
18283,0
39459,0
33105,0
24640,0
6651,0
3936,0
58908,0
19617,0
29175,0
54156,0
21163,0
59268,0
37463,0
53116,0
56321,0
6612,0
11912,0
9451,0
39674,0
55552,0
40740,0
1155,0
38659,0
12499,0
12733,0
2382,0
16484,0
41040,0
20367,0
33291,0
36188,0
41689,0
12741,0
33613,0
63733,0
62903,0
33905,0
24724,0
27904,0
21596,0
8901,0
4410,0
55186,0
63578,0
23782,0
4807,0
33809,0
64973,1
40918,0
51514,0
47793,0
40555,0
10184,0
14066,0
55228,0
33501,0
31117,1
53142,0
43334,0
40728,0
36787,0
50762,0
63887,1
54705,0
43622,0
13827,0
33821,0
22319,0
60935,0
48274,0
5323,0
18014,0
41726,0
58239,0
40527,0
25665,0
53050,0
61705,0
2216,0
29782,0
64589,0
9569,0
6343,0
45234,0
45964,0
59234,0
23699,0
60037,0
41846,0
1372,0
46919,0
33951,0
44967,0
56601,0
25971,0
31601,0
22476,0
53163,0
46521,0
62562,0
46672,0
49652,0
58108,0
24086,0
17252,0
55183,0
62836,0
5512,0
46184,0
35838,0
6539,0
32456,0
19371,0
18095,0
64193,0
15997,0
6085,0
57692,0
29553,0
15327,0
51945,0
29925,0
46448,0
39184,0
37778,0
15286,0
31556,0
3697,0
10864,0
62246,0
15353,0
45632,0
45350,0
38398,0
29255,0
1057,0
42946,0
434,0
21237,0
18650,0
3459,0
34974,0
21177,0
35830,0
62267,0
4511,0
12367,0
44676,0
63083,0
46472,0
35030,0
23361,0
50854,0
295,0
26868,0
41175,0
64334,0
37080,0
36182,0
7927,0
24815,0
12670,0
10042,0
31993,0
55363,0
25629,0
26922,0
2808,0
61696,0
52499,0
8716,0
3913,0
34493,0
17856,0
61119,0
18028,0
14317,0
44583,0
34200,0
26942,0
34944,0
9603,0
1900,0
47579,0
51418,0
19183,0
44865,0
39211,0
13229,0
37258,0
31486,0
59778,0
7658,0
45460,0
18824,0
34752,0
56855,0
35950,0
22738,0
20429,0
10308,0
37473,0
5041,0
47568,0
30241,0
46000,0
45085,0
62407,0
31421,0
45384,0
7774,0
42583,0
48898,0
32214,0
34584,0
37004,0
11969,0
49599,0
43685,0
64624,0
28718,0
30684,0
61714,0
37464,0
59935,0
55042,0
64244,0
42915,0
9244,0
14411,0
28677,0
9787,0
2400,0
10935,0
55005,0
11904,0
10669,0
40190,0
26725,0
23789,0
13329,0
35508,0
13914,0
55078,0
46886,0
15627,0
624,1
852,0
35230,0
11337,0
28348,0
5299,0
64850,0
56990,0
4600,0
28774,0
45794,0
25370,0
55945,0
26370,0
60669,0
36365,0
34523,0
52312,0
12181,0
2660,0
20699,0
64840,0
55388,0
21236,0
40782,0
546,1
16572,0
27975,0
8517,0
55618,0
54590,0
30457,0
47806,0
63022,0
61668,0
33312,0
61546,0
65460,0
58788,0
10202,0
248,0
53833,0
21345,0
13814,0
18211,0
37047,0
14855,0
38081,0
24270,0
50505,0
42173,0
58203,0
7682,0
24219,0
51055,0
16421,0
40387,0
41629,0
17798,0
43333,0
6465,0
26912,0
54884,0
14508,0
44759,0
59626,0
63082,0
61280,0
22507,0
20174,0
34582,0
4074,0
7910,0
46029,0
19750,0
33735,0
25856,0
46127,0
38194,0
57496,0
38129,0
29527,0
42724,0
630,1
53149,0
64786,0
59353,0
48074,0
18741,0
54664,0
47947,0
6591,0
12060,0
46373,0
54283,0
13767,0
31509,0
40403,0
41224,0
48369,0
13235,0
40076,0
64922,0
46243,0
58114,0
48474,0
4878,0
34243,0
10522,0
64317,0
51301,0
40993,0
63232,0
16814,0
28369,0
15643,0
39033,0
14451,0
49085,0
10136,0
8114,0
61234,0
60314,0
2521,0
31791,0
25321,0
6346,0
8917,0
24571,0
37277,0
63347,0
3978,0
1238,0
11649,0
20880,0
22122,0
33518,0
2722,0
55123,0
13852,0
5192,0
17816,0
30419,0
12096,0
38298,0
21122,0
16365,0
60798,0
41734,0
49823,0
41047,0
25363,0
36245,0
30253,0
37726,0
37158,0
15686,0
39351,0
19221,0
45947,0
42593,0
13952,0
32555,0
14679,0
53305,0
43032,0
58229,0
51062,0
54651,0
46421,0
5496,0
30446,0
35723,0
11095,0
8013,0
65234,0
59311,0
58165,0
13520,0
49579,0
64773,1
17477,0
710,0
57863,0
36051,0
48541,1
23717,0
20033,0
48967,0
1366,0
20192,0
20044,0
56089,0
38233,0
52832,0
52501,0
42589,0
8900,0
2288,0
17457,0
46880,0
48072,0
8159,0
55853,0
36516,0
15308,0
18617,0
47067,0
27460,0
11767,0
43071,0
28163,0
56605,0
50103,0
51897,0
47125,0
35189,0
27740,0
64881,0
110,0
41235,0
48170,0
32577,0
63635,0
11043,0
47059,0
33265,0
39018,0
60434,0
63203,0
63176,0
11269,0
29000,0
40904,0
52866,0
61593,0
61856,0
50175,0
44463,0
4291,0
8182,0
4503,0
47914,0
9895,0
10641,0
54745,0
59633,0
40927,0
55477,0
38156,0
591,0
53500,0
57213,0
49584,0
37136,0
29178,0
1536,0
16464,0
13220,0
5018,0
53621,0
41401,0
48014,0
19050,0
58127,0
48102,0
5182,0
9947,0
23686,0
59385,0
26505,0
11871,0
13246,0
14463,0
43869,0
45367,0
47300,0
14208,0
7495,0
27458,0
46724,0
26307,0
31222,0
12321,0
17569,0
44897,0
22169,0
50654,0
45054,0
39247,0
16874,0
63979,0
31167,0
40659,0
59494,0
62742,0
51347,0
33338,0
17335,0
62424,0
61708,0
43063,0
37098,0
631,1
16977,0
19975,0
48039,0
31987,0
53744,0
17325,0
8229,0
36349,0
60050,0
35553,0
38045,0
21696,0
32838,0
28955,0
26308,0
33446,0
8300,0
4985,0
63815,0
47707,0
59126,0
35592,0
53998,0
32178,0
20988,0
60481,0
57449,0
45751,0
8086,0
15223,0
11485,0
8522,0
1212,0
60937,0
19237,0
30808,0
33214,0
43705,0
64861,0
56058,0
37645,0
40354,0
58047,0
58183,0
7189,0
26224,0
8998,0
45244,0
35409,0
39040,0
65126,0
50520,0
20701,0
62120,0
60492,0
50316,0
2239,0
10867,0
63002,0
17729,0
19245,0
57916,0
29311,0
22091,0
26895,0
12214,0
61966,0
48182,0
44822,0
45898,0
32542,0
20834,0
59255,0
45212,0
7389,0
57476,0
20420,0
32474,0
1945,0
7969,0
49207,0
5622,0
24064,0
37734,0
46756,0
48938,0
28760,0
526,0
1648,1
19688,0
40128,0
23652,0
47871,0
34379,0
63513,0
59052,0
4763,0
30469,0
41288,0
51886,0
25864,0
22650,0
54931,0
1349,0
17631,0
16294,0
61390,0
409,0
41980,0
33324,0
23767,0
3506,0
17316,0
51638,0
59392,0
30093,1
20738,0
31130,0
56902,0
14834,0
45587,0
17078,0
43072,0
52623,0
52675,0
40726,0
28784,0
31563,0
37832,0
35374,0
52327,0
35485,0
8638,0
9502,0
61049,0
64495,0
21488,0
24282,0
46829,0
8915,0
9991,0
48407,0
56475,0
